type	key_len	items	t_ins	t_look	t_mem	h_ins	h_look	h_mem	sl_ins	sl_look	sl_mem	hs_ins	hs_look	hs_mem
seq1	36	10000	0.653	0.346	0.0	0.908	0.357	0.0	0.529	0.153	0.0	0.638	0.485	0.0
seq1	36	50000	0.287	0.116	0.0	0.388	0.247	2.0	0.248	0.055	2.0	0.356	0.212	2.0
seq1	36	100000	0.198	0.113	0.0	0.318	0.253	4.0	0.155	0.047	3.0	0.258	0.216	3.0
seq1	36	500000	0.184	0.114	1.0	0.375	0.317	25.0	0.171	0.053	27.0	0.259	0.260	22.0
seq1	36	1000000	0.184	0.117	3.0	0.384	0.344	49.0	0.159	0.056	53.0	0.269	0.248	48.0
seq1	36	5000000	0.183	0.114	18.0	0.404	0.352	250.0	0.197	0.143	279.0	0.363	0.407	248.0
seq1	36	10000000	0.193	0.121	38.0	0.418	0.362	517.0	0.210	0.156	549.0	0.369	0.421	506.0
seq2	36	10000	1.754	0.252	19.0	0.575	0.485	0.0	0.383	0.114	0.0	0.802	0.380	0.0
seq2	36	50000	1.162	0.256	97.0	0.377	0.245	2.0	0.242	0.059	2.0	0.329	0.218	2.0
seq2	36	100000	0.861	0.256	128.0	0.302	0.256	4.0	0.165	0.047	3.0	0.246	0.209	3.0
seq2	36	500000	0.738	0.267	488.0	0.333	0.285	25.0	0.143	0.049	21.0	0.269	0.261	22.0
seq2	36	1000000	0.743	0.272	976.0	0.381	0.327	51.0	0.150	0.049	46.0	0.286	0.266	47.0
seq2	36	5000000	NA	NA	NA	0.393	0.343	253.0	0.151	0.049	246.0	0.320	0.286	249.0
seq2	36	10000000	NA	NA	NA	0.397	0.349	507.0	0.153	0.050	495.0	0.321	0.287	502.0
random	36	10000	15.053	2.327	334.0	0.301	0.247	0.0	0.370	0.079	0.0	0.306	0.214	0.0
random	36	50000	14.432	2.332	1658.0	0.319	0.269	2.0	0.208	0.092	2.0	0.250	0.226	2.0
random	36	100000	14.109	2.308	3297.0	0.326	0.272	5.0	0.219	0.107	5.0	0.248	0.237	5.0
random	36	500000	NA	NA	NA	0.380	0.340	25.0	0.263	0.169	27.0	0.297	0.291	27.0
random	36	1000000	NA	NA	NA	0.396	0.342	51.0	0.288	0.188	54.0	0.319	0.323	54.0
random	36	5000000	NA	NA	NA	0.413	0.371	256.0	0.397	0.327	281.0	0.412	0.437	286.0
random	36	10000000	NA	NA	NA	0.423	0.376	513.0	0.434	0.352	571.0	0.433	0.470	573.0
