type	key_len	items	t_ins	t_look	t_mem	h_ins	h_look	h_mem	sl_ins	sl_look	sl_mem	hs_ins	hs_look	hs_mem
seq1	36	10000	0.516	0.361	0.0	0.821	0.369	0.0	0.484	0.143	0.0	0.630	0.351	0.0
seq1	36	50000	0.278	0.127	0.0	0.474	0.269	3.0	0.249	0.060	3.0	0.337	0.192	3.0
seq1	36	100000	0.221	0.126	0.0	0.362	0.293	6.0	0.165	0.054	3.0	0.259	0.175	4.0
seq1	36	500000	0.196	0.121	3.0	0.389	0.331	32.0	0.163	0.082	29.0	0.253	0.217	30.0
seq1	36	1000000	0.189	0.115	7.0	0.405	0.333	70.0	0.168	0.097	68.0	0.252	0.254	65.0
seq1	36	5000000	0.187	0.115	37.0	0.421	0.359	340.0	0.210	0.180	326.0	0.345	0.439	332.0
seq1	36	10000000	0.188	0.116	76.0	0.436	0.356	718.0	0.216	0.195	639.0	0.453	0.545	629.0
seq2	36	10000	2.189	0.288	38.0	0.638	0.544	0.0	0.442	0.139	0.0	0.556	0.371	0.0
seq2	36	50000	1.594	0.280	195.0	0.396	0.261	3.0	0.231	0.059	3.0	0.297	0.174	3.0
seq2	36	100000	1.150	0.297	256.0	0.316	0.277	5.0	0.136	0.051	3.0	0.257	0.176	4.0
seq2	36	500000	0.945	0.292	976.0	0.372	0.321	32.0	0.144	0.049	26.0	0.279	0.252	29.0
seq2	36	1000000	0.944	0.296	1953.0	0.364	0.322	62.0	0.147	0.048	57.0	0.298	0.255	62.0
seq2	36	5000000	NA	NA	NA	0.406	0.354	321.0	0.151	0.048	306.0	0.326	0.283	327.0
seq2	36	10000000	NA	NA	NA	0.418	0.367	646.0	0.151	0.048	616.0	0.323	0.280	659.0
random	36	10000	22.682	2.495	668.0	0.544	0.246	0.0	0.327	0.091	0.0	0.379	0.204	0.0
random	36	50000	21.691	2.505	3316.0	0.326	0.264	3.0	0.189	0.114	3.0	0.238	0.179	4.0
random	36	100000	21.446	2.454	6595.0	0.346	0.287	6.0	0.203	0.145	7.0	0.248	0.202	8.0
random	36	500000	NA	NA	NA	0.401	0.339	34.0	0.292	0.232	32.0	0.324	0.305	38.0
random	36	1000000	NA	NA	NA	0.412	0.351	68.0	0.334	0.279	64.0	0.352	0.327	76.0
random	36	5000000	NA	NA	NA	0.428	0.369	340.0	0.437	0.374	352.0	0.468	0.421	420.0
random	36	10000000	NA	NA	NA	0.442	0.375	684.0	0.470	0.412	724.0	0.504	0.489	842.0
